time,leverL,leverR,nose,thresholdL,thresholdR,horizontal,vertical,success
1490750403.9849467,13,2011,False,3200,3200,0.00105,0.0013,0
1490750404.6731527,27,2011,False,3200,3200,0.00105,0.0013,0
1490750405.173466,16,2010,False,3200,3200,0.00105,0.0013,0
1490750405.6495786,14,2003,False,3200,3200,0.00105,0.0013,0
1490750406.2422447,18,1270,False,3200,3200,0.00105,0.0013,0
1490750406.738273,17,1032,False,3200,3200,0.00105,0.0013,0
1490750407.1145272,15,1484,False,3200,3200,0.00105,0.0013,0
1490750407.9215863,11,2638,False,3200,3200,0.00105,0.0013,0
1490750408.3747742,19,19,False,3200,3200,0.00105,0.0013,0
1490750408.8152301,18,17,False,3200,3200,0.00105,0.0013,0
1490750409.106624,23,13,False,3200,3200,0.00105,0.0013,0
1490750409.3829021,20,10,False,3200,3200,0.00105,0.0013,0
1490750409.8660798,15,11,False,3200,3200,0.00105,0.0013,0
1490750410.1262867,27,17,False,3200,3200,0.00105,0.0013,0
1490750410.8582065,15,4054,False,3200,3200,0.00105,0.0013,0
1490750411.1990056,20,4062,False,3200,3200,0.00105,0.0013,0
1490750411.5463102,20,4057,False,3200,3200,0.00105,0.0013,0
1490750411.9829028,12,566,False,3200,3200,0.00105,0.0013,0
1490750412.3344228,20,1631,False,3200,3200,0.00105,0.0013,0
1490750412.904887,22,17,False,3200,3200,0.00105,0.0013,0
1490750413.2826355,10,151,False,3200,3200,0.00105,0.0013,0
1490750413.9835553,16,2856,False,3200,3200,0.00105,0.0013,0
