time,leverL,leverR,nose,thresholdL,thresholdR,horizontal,vertical,success
1490750623.9254386,17,2019,False,3200,3200,0.00105,0.0013,0
1490750625.0614781,17,2014,False,3200,3200,0.00105,0.0013,0
1490750625.6214273,21,2015,False,3200,3200,0.00105,0.0013,0
1490750626.1893432,7,2004,False,3200,3200,0.00105,0.0013,0
1490750626.7332764,18,2017,False,3200,3200,0.00105,0.0013,0
1490750627.2769573,23,2032,False,3200,3200,0.00105,0.0013,0
1490750627.7548532,14,2016,False,3200,3200,0.00105,0.0013,0
1490750628.4140468,15,2016,False,3200,3200,0.00105,0.0013,0
1490750629.1895132,12,2092,False,3200,3200,0.00105,0.0013,0
1490750629.5698872,9,2013,False,3200,3200,0.00105,0.0013,0
1490750629.9256067,15,1998,False,3200,3200,0.00105,0.0013,0
1490750630.229956,18,2031,False,3200,3200,0.00105,0.0013,0
1490750630.5549634,16,2076,False,3200,3200,0.00105,0.0013,0
1490750630.8464677,12,2082,False,3200,3200,0.00105,0.0013,0
1490750631.1902938,17,2080,False,3200,3200,0.00105,0.0013,0
1490750631.8955207,23,2131,False,3200,3200,0.00105,0.0013,0
1490750632.2056952,24,2067,False,3200,3200,0.00105,0.0013,0
1490750632.6585643,23,21,False,3200,3200,0.00105,0.0013,0
1490750633.094898,15,14,False,3200,3200,0.00105,0.0013,0
1490750633.9099824,13,2024,False,3200,3200,0.00105,0.0013,0
1490750634.322179,8,2025,False,3200,3200,0.00105,0.0013,0
1490750635.182379,16,4047,False,3200,3200,0.00105,0.0013,0
1490750635.6555846,16,4055,False,3200,3200,0.00105,0.0013,0
1490750636.0385756,11,4058,False,3200,3200,0.00105,0.0013,0
1490750636.4105413,14,4055,False,3200,3200,0.00105,0.0013,0
1490750637.3380587,23,4059,False,3200,3200,0.00105,0.0013,0
1490750637.765108,16,4055,False,3200,3200,0.00105,0.0013,0
1490750638.2303479,11,4052,False,3200,3200,0.00105,0.0013,0
1490750638.5808508,15,4056,False,3200,3200,0.00105,0.0013,0
1490750638.9461484,18,4060,False,3200,3200,0.00105,0.0013,0
1490750639.3072271,12,4057,False,3200,3200,0.00105,0.0013,0
1490750639.6990545,23,4061,False,3200,3200,0.00105,0.0013,0
1490750640.2835853,17,4053,False,3200,3200,0.00105,0.0013,0
1490750641.082879,21,4056,False,3200,3200,0.00105,0.0013,0
1490750641.501989,19,4058,False,3200,3200,0.00105,0.0013,0
1490750642.051171,14,4059,False,3200,3200,0.00105,0.0013,0
1490750642.4852698,16,4051,False,3200,3200,0.00105,0.0013,0
1490750642.9906816,17,4007,False,3200,3200,0.00105,0.0013,0
1490750643.50916,24,4059,False,3200,3200,0.00105,0.0013,0
1490750643.8903286,16,4052,False,3200,3200,0.00105,0.0013,0
1490750644.5335329,16,4058,False,3200,3200,0.00105,0.0013,0
1490750644.9012818,17,4052,False,3200,3200,0.00105,0.0013,0
1490750645.3731997,17,4059,False,3200,3200,0.00105,0.0013,0
1490750652.5983627,2005,318,False,3200,3200,0.00105,0.0013,0
1490750653.1903942,2089,21,False,3200,3200,0.00105,0.0013,0
1490750654.0243206,4054,22,False,3200,3200,0.00105,0.0013,0
1490750654.878212,4056,9,False,3200,3200,0.00105,0.0013,0
1490750655.3919976,4056,18,False,3200,3200,0.00105,0.0013,0
1490750655.8825362,4055,17,False,3200,3200,0.00105,0.0013,0
1490750656.316135,4062,21,False,3200,3200,0.00105,0.0013,0
1490750657.2220087,4054,15,False,3200,3200,0.00105,0.0013,0
1490750657.85337,4052,14,False,3200,3200,0.00105,0.0013,0
1490750658.3541958,4048,16,False,3200,3200,0.00105,0.0013,0
1490750658.8940208,4059,21,False,3200,3200,0.00105,0.0013,0
1490750659.7501283,4031,18,False,3200,3200,0.00105,0.0013,0
1490750661.2291467,4059,14,False,3200,3200,0.00105,0.0013,0
1490750661.7714307,4056,15,False,3200,3200,0.00105,0.0013,0
1490750662.1954513,4057,17,False,3200,3200,0.00105,0.0013,0
1490750662.8504827,4066,24,False,3200,3200,0.00105,0.0013,0
1490750663.7016144,10,15,False,3200,3200,0.00105,0.0013,0
1490750664.478396,2035,23,False,3200,3200,0.00105,0.0013,0
1490750664.8513598,2035,15,False,3200,3200,0.00105,0.0013,0
1490750665.194314,2040,14,False,3200,3200,0.00105,0.0013,0
1490750665.7904716,4059,10,False,3200,3200,0.00105,0.0013,0
1490750666.1951268,4051,15,False,3200,3200,0.00105,0.0013,0
1490750666.5395923,4058,17,False,3200,3200,0.00105,0.0013,0
1490750666.9144504,3999,14,False,3200,3200,0.00105,0.0013,0
1490750667.8777132,2054,12,False,3200,3200,0.00105,0.0013,0
1490750668.2457445,2027,12,False,3200,3200,0.00105,0.0013,0
1490750668.750021,2064,16,False,3200,3200,0.00105,0.0013,0
1490750669.550714,2042,18,False,3200,3200,0.00105,0.0013,0
1490750670.2470353,2046,15,False,3200,3200,0.00105,0.0013,0
1490750670.8866746,2040,14,False,3200,3200,0.00105,0.0013,0
1490750671.5276296,2020,14,False,3200,3200,0.00105,0.0013,0
1490750672.143491,2017,16,False,3200,3200,0.00105,0.0013,0
1490750672.8617015,1967,13,False,3200,3200,0.00105,0.0013,0
1490750673.423066,2028,9,False,3200,3200,0.00105,0.0013,0
1490750674.0381868,2021,16,False,3200,3200,0.00105,0.0013,0
1490750674.6066453,2017,16,False,3200,3200,0.00105,0.0013,0
1490750675.2061656,2012,25,False,3200,3200,0.00105,0.0013,0
1490750675.774488,2016,11,False,3200,3200,0.00105,0.0013,0
1490750676.1990402,2003,14,False,3200,3200,0.00105,0.0013,0
1490750676.4383993,2006,10,False,3200,3200,0.00105,0.0013,0
1490750676.8227727,2010,19,False,3200,3200,0.00105,0.0013,0
1490750677.1819139,2024,23,False,3200,3200,0.00105,0.0013,0
1490750677.7096808,2013,17,False,3200,3200,0.00105,0.0013,0
1490750678.3660069,2010,18,False,3200,3200,0.00105,0.0013,0
1490750679.0538785,2022,17,False,3200,3200,0.00105,0.0013,0
1490750679.7817276,2017,15,False,3200,3200,0.00105,0.0013,0
1490750681.897139,2008,23,False,3200,3200,0.00105,0.0013,0
1490750682.2871733,1999,18,False,3200,3200,0.00105,0.0013,0
1490750682.827512,4057,13,False,3200,3200,0.00105,0.0013,0
1490750683.2955396,4061,13,False,3200,3200,0.00105,0.0013,0
1490750684.0937755,2034,21,False,3200,3200,0.00105,0.0013,0
1490750684.5001283,2047,20,False,3200,3200,0.00105,0.0013,0
1490750685.2137706,4056,15,False,3200,3200,0.00105,0.0013,0
1490750685.999565,2026,15,False,3200,3200,0.00105,0.0013,0
1490750686.4670105,2026,12,False,3200,3200,0.00105,0.0013,0
1490750686.8749247,2031,18,False,3200,3200,0.00105,0.0013,0
