time,leverL,leverR,nose,thresholdL,thresholdR,horizontal,vertical,success
1490750279.1914775,11,2113,False,3200,3200,0.00105,0.0013,0
1490750281.2567577,21,2112,False,3200,3200,0.00105,0.0013,0
1490750281.5152607,18,2110,False,3200,3200,0.00105,0.0013,0
1490750281.7905097,11,2108,False,3200,3200,0.00105,0.0013,0
1490750282.2457182,13,2109,False,3200,3200,0.00105,0.0013,0
1490750282.2944539,17,2109,False,3200,3200,0.00105,0.0013,0
1490750282.539488,17,2158,False,3200,3200,0.00105,0.0013,0
1490750282.8150234,15,1745,False,3200,3200,0.00105,0.0013,0
1490750283.1748726,14,2457,False,3200,3200,0.00105,0.0013,0
1490750283.4143505,14,2960,False,3200,3200,0.00105,0.0013,0
1490750283.683739,14,3609,False,3200,3200,0.00105,0.0013,0
1490750284.0070956,15,3814,False,3200,3200,0.00105,0.0013,0
1490750284.3349936,13,3,False,3200,3200,0.00105,0.0013,0
1490750284.58773,15,5,False,3200,3200,0.00105,0.0013,0
1490750284.8787713,18,18,False,3200,3200,0.00105,0.0013,0
1490750285.4042728,17,3109,False,3200,3200,0.00105,0.0013,0
1490750285.7002664,12,3066,False,3200,3200,0.00105,0.0013,0
1490750286.0549266,13,2523,False,3200,3200,0.00105,0.0013,0
1490750286.3905637,12,2129,False,3200,3200,0.00105,0.0013,0
1490750286.7022605,8,2124,False,3200,3200,0.00105,0.0013,0
1490750287.0224266,14,2257,False,3200,3200,0.00105,0.0013,0
1490750287.3432329,23,2130,False,3200,3200,0.00105,0.0013,0
1490750287.6547089,11,2228,False,3200,3200,0.00105,0.0013,0
1490750297.407958,2015,100,False,3200,3200,0.00105,0.0013,0
1490750297.9271572,7,15,False,3200,3200,0.00105,0.0013,0
1490750298.7156339,7,21,False,3200,3200,0.00105,0.0013,0
1490750299.1003425,4,14,False,3200,3200,0.00105,0.0013,0
1490750299.5998535,4048,23,False,3200,3200,0.00105,0.0013,0
1490750299.9429634,4064,14,False,3200,3200,0.00105,0.0013,0
1490750300.285801,4053,15,False,3200,3200,0.00105,0.0013,0
1490750300.782238,1757,19,False,3200,3200,0.00105,0.0013,0
1490750301.1755912,1752,19,False,3200,3200,0.00105,0.0013,0
1490750301.7924173,1295,17,False,3200,3200,0.00105,0.0013,0
1490750302.140786,1213,13,False,3200,3200,0.00105,0.0013,0
1490750302.4521947,1209,21,False,3200,3200,0.00105,0.0013,0
1490750302.9034753,1127,28,False,3200,3200,0.00105,0.0013,0
1490750303.231184,1291,19,False,3200,3200,0.00105,0.0013,0
1490750303.5275507,1283,17,False,3200,3200,0.00105,0.0013,0
1490750303.8323162,1278,19,False,3200,3200,0.00105,0.0013,0
1490750304.1085958,1308,16,False,3200,3200,0.00105,0.0013,0
1490750304.86976,1400,22,False,3200,3200,0.00105,0.0013,0
1490750305.238832,1397,20,False,3200,3200,0.00105,0.0013,0
1490750305.567325,1242,19,False,3200,3200,0.00105,0.0013,0
1490750305.913613,1268,18,False,3200,3200,0.00105,0.0013,0
1490750306.228552,1276,17,False,3200,3200,0.00105,0.0013,0
1490750306.5361514,1287,15,False,3200,3200,0.00105,0.0013,0
1490750306.8643727,1259,20,False,3200,3200,0.00105,0.0013,0
1490750307.175363,1254,18,False,3200,3200,0.00105,0.0013,0
1490750307.5440643,1264,13,False,3200,3200,0.00105,0.0013,0
1490750308.0397193,1085,15,False,3200,3200,0.00105,0.0013,0
1490750308.3438892,1215,8,False,3200,3200,0.00105,0.0013,0
1490750308.629603,1218,22,False,3200,3200,0.00105,0.0013,0
1490750309.137019,1523,15,False,3200,3200,0.00105,0.0013,0
1490750309.783814,4033,16,False,3200,3200,0.00105,0.0013,0
1490750310.1994948,1795,17,False,3200,3200,0.00105,0.0013,0
1490750310.6363409,3351,30,False,3200,3200,0.00105,0.0013,0
1490750311.1133392,3165,15,False,3200,3200,0.00105,0.0013,0
1490750311.536395,2216,22,False,3200,3200,0.00105,0.0013,0
